col.rb <-
c("#053061", "#073568", "#0A3A70", "#0D4077", "#10457F", "#134B86", 
"#15508E", "#185696", "#1B5B9D", "#1E61A5", "#2166AC", "#246AAE", 
"#286FB0", "#2B74B3", "#2F78B5", "#327DB7", "#3581BA", "#3986BC", 
"#3C8ABE", "#408FC1", "#4494C3", "#4C99C6", "#549EC9", "#5CA3CB", 
"#64A8CE", "#6CADD1", "#74B2D3", "#7CB7D6", "#84BCD9", "#8CC1DC", 
"#93C5DE", "#9AC9E0", "#A0CCE2", "#A7CFE4", "#ADD2E5", "#B3D6E7", 
"#BAD9E9", "#C0DCEB", "#C6DFED", "#CDE3EE", "#D2E5F0", "#D6E7F0", 
"#DAE9F1", "#DEEBF2", "#E1EDF3", "#E5EEF3", "#E9F0F4", "#EDF2F5", 
"#F1F4F5", "#F5F6F6", "#F7F5F4", "#F7F2EF", "#F8EFEA", "#F9EDE6", 
"#F9EAE1", "#FAE7DC", "#FAE4D7", "#FBE1D2", "#FCDECD", "#FCDCC8", 
"#FCD7C2", "#FBD2BB", "#FACCB4", "#F9C7AD", "#F8C1A6", "#F7BC9F", 
"#F7B799", "#F6B192", "#F5AC8B", "#F4A684", "#F1A07E", "#EE9978", 
"#EB9273", "#E88B6E", "#E58468", "#E27D63", "#DF765E", "#DC6F58", 
"#D96853", "#D6614E", "#D35A4A", "#CF5246", "#CB4B43", "#C8443F", 
"#C43D3C", "#C03539", "#BD2E35", "#B92732", "#B6202E", "#B2182B", 
"#AB1529", "#A31328", "#9C1027", "#940E26", "#8C0C25", "#850923", 
"#7D0722", "#760421", "#6E0220", "#67001F")
